done 103391 103759 105533 112931 112933 113119 119874 131385 137710 140444 142910 142911 147175 148778 148975 150387 150388 15439 15441 15640 15938 160461 160469 163295 164320 169080 169081 169082 170785 179704 183559 186814 188199 191347 205528 206146 206149 20762 20853 21815 22037 22043 22052 22073 226806 226807 22896 22897 23182 23183

done 233265 243315 24525 24530 24777 24965 24995 25050 251575 254132 254143 25455 25517 256855 25695 25714 25735 258206 258207 25897 25898 25904 25913 259893 259937 260510 26074 26084 26086 26107 26108 26114 26144 26216 26310 26316 26431 26440 26456 26458 26460 26473 26671 268859 274400 277235 284940 293520 293523 297795

done 297796 301382 308751 308801 310616 312979 316908 316909 316911 316914 317362 317365 318992 318995 325629 325630 325631 332797 335885 336944 337962 337963 337964 350217 358286 358422 374970 374973 374974 387517 387518 389848 395442 395444 400735 400737 400738 400739 400740 400741 400742 403631 409629 409630 414609 414611 414612 423376 423377 423383

423384 440244 443421 452116 452117 459545 459546 460686 460687 460688 460689 462900 471181 471283 471284 478262 481793 483796 490549 492659 495498 497180 498158 499334 500943 500944 500945 502673 50422 505715 507274 507275 507276 507638 509092 509094 51006 51007 511444 511446 511447 511454 514917 515883 517252 520599 521504 521533 524520 528781

528782 528784 528785 52946 530311 532057 537989 537990 546620 546622 546624 546625 546626 546750 546805 55143 55150 551647 551648 551649 551650 551651 552960 557672 557674 557675 557676 557678 563782 563785 563786 563787 568986 570503 570504 570506 570696 574303 578105 578106 578108 57875 579352 579414 579416 579417 58219 590252 592721 597447

597449 597466 597473 597478 597480 597481 597593 602287 602910 602916 602922 602923 602925 602930 603159 604146 604147 608258 608263 608265 609477 609480 612767 612769 613076 613933 616238 616239 616883 61731 617882 619935 621494 62251 622638 622639 622640 622641 622643 622644 622646 622647 622648 624632 626904 626906 626907 626939 626940 626946

626949 628876 628998 629055 629056 630386 630832 63129 631780 632330 632337 632342 632344 632705 63453 63454 63455 635174 635187 635989 637931 638994 639080 639604 640050 640110 641253 641580 642598 642599 642604 642653 642700 643123 643302 643607 644111 644112 644117 644180 644182 646358 646359 646568 647947 648419 64997 650292 650304 650305

651617 651664 651665 651667 651670 651673 652122 652418 653344 65410 654138 654316 654317 654318 654331 654333 654774 654809 654817 655744 655746 655748 655749 657948 658076 659934 660333 662774 662898 663887 665170 665174 666196 666516 666537 666671 666673 667010 667573 668101 668102 668103 668723 66913 669357 669358 669360 670131 670139 670140

670145 670146 670147 670149 670150 670151 670152 671421 67340 675331 675392 675516 675554 675556 675559 675822 675829 675830 676695 677452 677536 677740 677753 678494 678499 679543 679544 679545 679567 679568 679569 679570 680193 681453 682637 683496 684435 685460 686018 686312 686669 68684 686885 686911 687137 687915 689701 689705 690020 690502

690503 690594 69113 692510 692512 69297 693429 693431 693444 694131 694191 694805 694807 694946 695321 695585 695768 695796 696602 697254 697533 697535 697537 697656 697679 697681 697685 698247 698469 698888 698918 699415 699658 699659 700139 700327 700361 700843 700844 701081 701535 701699 701700 702165 702170 702422 702423 702463 702608 702672

703307 703308 703628 703629 703630 703631 703633 703635 703833 703835 703836 703839 703840 703841 703843 703844 703846 703847 703848 703849 703850 703852 703853 703854 703855 703856 704595 705328 706590 706770 708427 708452 708453 70920 709628 709731 709732 709992 710390 710639 710741 710747 710748 710749 710750 710751 710752 710754 710755 710756

710757 710758 710760 710761 710762 710763 710764 710765 710766 710767 710768 710769 711422 711899 712362 712694 712901 713055 713289 713294 713581 713872 713915 713975 714185 714293 714834 714839 714886 715159 715772 715935 716163 716164 716776 716857 717031 717059 717481 718016 718017 718018 718019 718020 718021 718022 718707 719277 719507 720116

720117 720121 720128 720190 720716 720810 721109 721260 721433 721455 721456 721457 721458 721459 721461 721462 721463 721559 721915 721919 721920 721948 721949 722542 722591 722725 722728 723046 723357 723362 723365 723414 723714 723758 723790 723862 724274 724431 724482 724815 724817 724854 724965 72497 72498 72499 725552 725586 725829 725830

725831 726091 726189 726210 726211 726212 726214 726454 726467 726842 727188 727189 727476 727798 727826 727836 727838 728007 728015 728061 728126 728128 728619 728750 728751 728900 729003 729036 729037 729038 729040 729043 729044 729047 729049 729084 729086 729089 729255 729259 729326 72939 729571 729767 729883 729938 729946 729963 729964 730174

730202 730204 730258 730389 730391 730425 730465 730466 730607 730656 730657 730694 731019 731063 731130 731297 731930 731939 731978 732021 732036 732056 732071 732224 732255 732256 732259 732953 732955 732988 733006 733033 733034 733047 733074 733076 733077 733078 733079 733080 733081 733137 733274 733277 733280 733282 733284 733395 733413 733458

733488 733638 733728 733746 733765 733766 733768 733770 733771 734008 734011 734012 734040 734399 734918 735078 735243 735247 735254 735661 735979 735982 736227 736274 736277 736281 736641 736699 736744 736928 736989 737009 737018 737019 737020 737021 737032 737377 737378 737628 737831 737836 737839 738143 738144 738145 738173 738174 738177 738194

738483 738487 738488 738547 738694 738809 738843 739097 739112 739113 739114 739115 739127 739166 739292 739350 739411 739439 739503 740034 740079 740132 740135 740377 740387 740481 740482 740487 741150 741449 741458 741467 741825 741891 741894 742048 742105 742349 742351 742352 742782 742888 743025 743026 743031 743139 743270 743423 743721 743838

744313 744320 744375 744381 744384 745186 745207 745236 745409 745472 745473 745474 745589 745652 745653 745654 745876 746285 746534 746535 746740 746741 746743 746744 746745 746746 746747 746749 746750 746751 746786 746833 746834 746835 746857 746858 747269 747271 747370 747637 747666 747961 748045 748069 748105 748352 748408 748409 748410 748411

748412 748413 748414 748415 748416 748417 748418 748419 748420 748421 748532 748534 748535 748536 748831 749054 749055 749456 749632 749633 749639 750184 750493 750558 750570 750571 750572 750573 750574 750575 750576 750578 750580 750582 750826 751013 751168 751207 751208 751492 751625 751642 751992 751993 751999 752340 752350 752402 752413 752414

752462 752530 752531 752532 752533 752534 753222 753223 753304 753307 753381 753382 753383 753384 753385 753386 753478 753509 753806 753839 753842 753853 753856 753858 753973 753975 754484 754780 754781 754872 754873 754875 754876 755559 755581 755601 755668 755674 755694 755744 755758 755788 756053 756054 756056 756057 756059 756060 756061 756062

756064 756065 756070 756072 756137 756140 756606 756789 756790 757579 757904 758037 758145 758150 758439 758587 758619 758661 758662 758663 758664 758665 758667 758670 758671 758672 758673 758674 758675 758676 758677 758678 759089 759090 759091 759092 759093 759094 759418 759420 759457 759475 759567 759641 759894 759923 759924 759925 759940 760001

760002 761102 761104 761246 761247 761248 761251 761252 761253 761254 761255 761461 761463 761496 761498 761514 761553 761565 761587 761592 761596 761599 761601 761709 761722 762035 762071 762073 762236 762237 762277 762279 762777 762778 762781 762786 763308 763851 764022 764040 764041 764128 764129 764130 764165 764480 764622 764623 764796 764797

764951 765156 765157 765322 765470 765776 765804 765821 766503 766504 766563 766575 766626 766648 766966 76758 76759 767874 767908 767919 767979 768094 768095 768097 768099 768433 768466 768467 768468 768470 768471 768534 768536 769193 769209 769210 769317 769551 769567 769568 769662 769684 769685 769688 769689 769692 769747 769801 769802 769987

770015 770019 770030 770068 770386 770387 770477 770523 770524 770590 770873 770964 771011 771018 771044 771063 771065 771095 771330 771717 771718 771719 771720 771933 771985 771988 771989 772020 772192 772235 772401 772734 772764 772853 773067 773085 773187 78805 81482 81483 89097 94761 96908

